,1,2,3,4,5,7,8,9,10,11,12,13,14,15,16,17,18,19,20,21,22,23,24,25,26,27,28,29,30,31,32
1,,,,,,,,,,,,,,,,,,,,,,,,,,,,,,,
2,,1.0,0.0118931766383323,2.5668944032350075e-15,,0.1766768050716785,0.26184254763646364,0.1607702009636709,0.24811940949441127,-0.061868210612353716,-0.026395608445206595,0.17285336672784615,-0.05109994674769687,-0.013573997796092115,-0.06627014500400331,-0.051555766529623834,-0.019528724444325924,-0.06257972817859847,-0.060123882123553046,-0.050516449864627035,-0.13634392637721832,-0.033093501708026926,-0.028978345624147948,,,,,,,,
3,,0.0118931766383323,1.0,1.665157796842094e-16,,-0.02596908568014379,-0.024464718685259006,0.005856941329504631,-0.0019294180524694314,0.0016863113722379137,-0.006174594626766493,-0.023199799442416708,0.01571188153830503,0.01486516695348298,0.017149910098642862,0.015216848319376022,0.012405062350884323,0.015991093123686323,0.010284125757557896,-0.025634949663286503,-0.05060286713148704,-0.011737248113061783,-0.013937170681286666,,,,,,,,
4,,2.5668944032350075e-15,1.665157796842094e-16,1.0,,0.15476661135372646,0.054375378005442676,-0.24303080264345311,0.0044734609887884125,0.03372681727613305,2.0167701485195346e-16,0.1497229657516573,0.032036776090056965,0.025360041663793895,0.036002884279138676,0.03230951038644527,0.023432359359352846,0.0365963069493846,0.0298637238569302,0.05954772816896183,0.07733173880613056,0.00866321862584589,0.0042992680294829085,,,,,,,,
5,,,,,,,,,,,,,,,,,,,,,,,,,,,,,,,
7,,0.1766768050716785,-0.02596908568014379,0.15476661135372646,,1.0,0.8940098338563918,-0.3733938927222084,0.10533380677443421,0.4958131368344297,-0.7242765568316222,0.9494985459611144,0.4804359162646698,0.2691667982726087,0.49685424980516973,0.4865370318844212,0.2896483988633219,0.5042449724228883,0.48125361216657647,0.10875152659273425,0.14348389216803892,0.10756395611060575,0.09856940047685658,,,,,,,,
8,,0.26184254763646364,-0.024464718685259006,0.054375378005442676,,0.8940098338563918,1.0,0.07731773914894952,0.03975582904786346,0.3108737555440057,-0.6532857650688634,0.8090871170962833,0.2309631888993884,0.04985831952782015,0.2914106247776536,0.23953880974518474,0.06099544736112531,0.2919196997922957,0.3134639855439666,0.0940795056947279,0.04643435223800145,0.22565806802486563,0.22056967802546812,,,,,,,,
9,,0.1607702009636709,0.005856941329504631,-0.24303080264345311,,-0.3733938927222084,0.07731773914894952,1.0,-0.1384460482004782,-0.45614231853109927,0.25822535195772855,-0.42780302301184786,-0.575794010246865,-0.4798388204095852,-0.4985800945878822,-0.5721689911956946,-0.5003229838934586,-0.5129534318307002,-0.41950959546638905,-0.05920073250224363,-0.25446003402036416,0.21624576092457656,0.22778715060106922,,,,,,,,
10,,0.24811940949441127,-0.0019294180524694314,0.0044734609887884125,,0.10533380677443421,0.03975582904786346,-0.1384460482004782,1.0,0.07685467509693705,-0.18911515785099783,0.14572878157088417,0.12441905456288888,0.13390918955110556,0.08111712546413326,0.12237921006239796,0.13856864501622965,0.08845830664173064,0.0642378056141975,-0.06746541119927517,-0.29193651483245164,-0.20051496097400967,-0.2003348874290752,,,,,,,,
11,,-0.061868210612353716,0.0016863113722379137,0.03372681727613305,,0.4958131368344297,0.3108737555440057,-0.45614231853109927,0.07685467509693705,1.0,-0.43797785153567503,0.4686632115137609,0.8735169074288188,0.4949777873623509,0.9555550939082448,0.886424514503752,0.5252544938173,0.9612817056863004,0.9502311611853923,0.03627982158532653,0.11014112317023739,0.04213317434301379,0.03428718204300986,,,,,,,,
12,,-0.026395608445206595,-0.006174594626766493,2.0167701485195346e-16,,-0.7242765568316222,-0.6532857650688634,0.25822535195772855,-0.18911515785099783,-0.43797785153567503,1.0,-0.6982727549791738,-0.3978804827906599,-0.19067859569555545,-0.43802860525670567,-0.4046354974179067,-0.21016776312739846,-0.4395118239809092,-0.4444166537072898,-0.020421834975101718,0.120463482237108,0.028872053489195033,0.035138396415829935,,,,,,,,
13,,0.17285336672784615,-0.023199799442416708,0.1497229657516573,,0.9494985459611144,0.8090871170962833,-0.42780302301184786,0.14572878157088417,0.4686632115137609,-0.6982727549791738,1.0,0.5433932367580484,0.4199151023510604,0.4724447498764405,0.5442986933608636,0.44111383409015925,0.49332876382364965,0.42498870564816454,0.13212178989882647,0.09697055429318929,-0.14188397764155808,-0.15042512798094942,,,,,,,,
14,,-0.05109994674769687,0.01571188153830503,0.032036776090056965,,0.4804359162646698,0.2309631888993884,-0.575794010246865,0.12441905456288888,0.8735169074288188,-0.3978804827906599,0.5433932367580484,1.0,0.7635943555849727,0.9015955680230313,0.9994881031276746,0.804214150095794,0.927157538513791,0.8026580231787179,0.0749852483061059,0.09219553961810446,-0.19811590044745725,-0.20654254052105306,,,,,,,,
15,,-0.013573997796092115,0.01486516695348298,0.025360041663793895,,0.2691667982726087,0.04985831952782015,-0.4798388204095852,0.13390918955110556,0.4949777873623509,-0.19067859569555545,0.4199151023510604,0.7635943555849727,1.0,0.48270981257123413,0.7471352913745333,0.9918925875122525,0.5415416567835482,0.3127493615517356,0.10572732988678282,0.045032960266035475,-0.4670636215615999,-0.46178535175810403,,,,,,,,
16,,-0.06627014500400331,0.017149910098642862,0.036002884279138676,,0.49685424980516973,0.2914106247776536,-0.4985800945878822,0.08111712546413326,0.9555550939082448,-0.43802860525670567,0.4724447498764405,0.9015955680230313,0.48270981257123413,1.0,0.912560267278158,0.5140140545856768,0.9971223895431943,0.9620489376579415,0.04862612824275192,0.11096520860496076,0.031645625761297876,0.011972195120381729,,,,,,,,
17,,-0.051555766529623834,0.015216848319376022,0.03230951038644527,,0.4865370318844212,0.23953880974518474,-0.5721689911956946,0.12237921006239796,0.886424514503752,-0.4046354974179067,0.5442986933608636,0.9994881031276746,0.7471352913745333,0.912560267278158,1.0,0.788112204067515,0.9366146405696502,0.8196067075081622,0.07265592652845006,0.0933187214314868,-0.18302131073480885,-0.19177327938422561,,,,,,,,
18,,-0.019528724444325924,0.012405062350884323,0.023432359359352846,,0.2896483988633219,0.06099544736112531,-0.5003229838934586,0.13856864501622965,0.5252544938173,-0.21016776312739846,0.44111383409015925,0.804214150095794,0.9918925875122525,0.5140140545856768,0.788112204067515,1.0,0.5721281558936795,0.3450773176233498,0.10403214345781532,0.04726837266078504,-0.4621127800987706,-0.4568398275910697,,,,,,,,
19,,-0.06257972817859847,0.015991093123686323,0.0365963069493846,,0.5042449724228883,0.2919196997922957,-0.5129534318307002,0.08845830664173064,0.9612817056863004,-0.4395118239809092,0.49332876382364965,0.927157538513791,0.5415416567835482,0.9971223895431943,0.9366146405696502,0.5721281558936795,1.0,0.9499127013535541,0.05422697316922053,0.10935989885549327,-0.005250331916900759,-0.022669270349798747,,,,,,,,
20,,-0.060123882123553046,0.010284125757557896,0.0298637238569302,,0.48125361216657647,0.3134639855439666,-0.41950959546638905,0.0642378056141975,0.9502311611853923,-0.4444166537072898,0.42498870564816454,0.8026580231787179,0.3127493615517356,0.9620489376579415,0.8196067075081622,0.3450773176233498,0.9499127013535541,1.0,0.02009719208782447,0.09956602558319794,0.11850096373065178,0.10329823689299013,,,,,,,,
21,,-0.050516449864627035,-0.025634949663286503,0.05954772816896183,,0.10875152659273425,0.0940795056947279,-0.05920073250224363,-0.06746541119927517,0.03627982158532653,-0.020421834975101718,0.13212178989882647,0.0749852483061059,0.10572732988678282,0.04862612824275192,0.07265592652845006,0.10403214345781532,0.05422697316922053,0.02009719208782447,1.0,0.15677420943531478,-0.14176819596912113,-0.14609875645141057,,,,,,,,
22,,-0.13634392637721832,-0.05060286713148704,0.07733173880613056,,0.14348389216803892,0.04643435223800145,-0.25446003402036416,-0.29193651483245164,0.11014112317023739,0.120463482237108,0.09697055429318929,0.09219553961810446,0.045032960266035475,0.11096520860496076,0.0933187214314868,0.04726837266078504,0.10935989885549327,0.09956602558319794,0.15677420943531478,1.0,0.1437070597866551,0.14280428604239193,,,,,,,,
23,,-0.033093501708026926,-0.011737248113061783,0.00866321862584589,,0.10756395611060575,0.22565806802486563,0.21624576092457656,-0.20051496097400967,0.04213317434301379,0.028872053489195033,-0.14188397764155808,-0.19811590044745725,-0.4670636215615999,0.031645625761297876,-0.18302131073480885,-0.4621127800987706,-0.005250331916900759,0.11850096373065178,-0.14176819596912113,0.1437070597866551,1.0,0.9814280975963537,,,,,,,,
24,,-0.028978345624147948,-0.013937170681286666,0.0042992680294829085,,0.09856940047685658,0.22056967802546812,0.22778715060106922,-0.2003348874290752,0.03428718204300986,0.035138396415829935,-0.15042512798094942,-0.20654254052105306,-0.46178535175810403,0.011972195120381729,-0.19177327938422561,-0.4568398275910697,-0.022669270349798747,0.10329823689299013,-0.14609875645141057,0.14280428604239193,0.9814280975963537,1.0,,,,,,,,
25,,,,,,,,,,,,,,,,,,,,,,,,,,,,,,,
26,,,,,,,,,,,,,,,,,,,,,,,,,,,,,,,
27,,,,,,,,,,,,,,,,,,,,,,,,,,,,,,,
28,,,,,,,,,,,,,,,,,,,,,,,,,,,,,,,
29,,,,,,,,,,,,,,,,,,,,,,,,,,,,,,,
30,,,,,,,,,,,,,,,,,,,,,,,,,,,,,,,
31,,,,,,,,,,,,,,,,,,,,,,,,,,,,,,,
32,,,,,,,,,,,,,,,,,,,,,,,,,,,,,,,
